object={
	name="tree_leaf_01_single_generator_1_0"
	render_pass=Map
	clamp_to_water_level=no
	generated_content=yes
	layer="tree_high_layer"
	pdxmesh="tree_leaf_01_single_a_mesh"
	count=97
	transform="612.985596 0.000000 1693.116943 0.000000 0.732699 0.000000 -0.680553 0.709157 0.709157 0.709157
608.348145 0.000000 1694.188110 0.000000 0.817520 0.000000 0.575901 0.683912 0.683912 0.683912
610.796265 0.000000 1694.603882 0.000000 0.346724 0.000000 0.937967 0.563915 0.563915 0.563915
602.419067 0.000000 1688.854248 0.000000 0.924587 0.000000 0.380971 0.661067 0.661067 0.661067
599.922424 0.000000 1684.819214 0.000000 0.615701 0.000000 0.787980 0.598498 0.598498 0.598498
599.931702 0.000000 1687.370728 0.000000 0.285992 0.000000 0.958232 0.574659 0.574659 0.574659
603.837830 0.000000 1686.245117 0.000000 0.614110 0.000000 0.789221 0.628473 0.628473 0.628473
605.468018 0.000000 1689.895630 0.000000 0.142970 0.000000 -0.989727 0.909529 0.909529 0.909529
599.372620 0.000000 1698.990967 0.000000 0.913823 0.000000 0.406113 0.664189 0.664189 0.664189
598.559692 0.000000 1696.386719 0.000000 0.785857 0.000000 -0.618408 0.729128 0.729128 0.729128
601.165466 0.000000 1696.746582 0.000000 0.998144 0.000000 0.060891 0.696593 0.696593 0.696593
625.381714 0.000000 1724.942139 0.000000 0.588827 0.000000 0.808259 0.690131 0.690131 0.690131
605.293640 0.000000 1712.708984 0.000000 0.920528 0.000000 0.390678 0.661422 0.661422 0.661422
600.449097 0.000000 1701.723022 0.000000 0.313250 0.000000 -0.949671 0.857557 0.857557 0.857557
612.799988 0.000000 1696.072754 0.000000 0.900674 0.000000 -0.434496 0.739275 0.739275 0.739275
611.138794 0.000000 1721.192993 0.000000 0.277050 0.000000 0.960855 0.639128 0.639128 0.639128
615.457947 0.000000 1699.351929 0.000000 0.755463 0.000000 0.655191 0.620094 0.620094 0.620094
606.365662 0.000000 1703.146362 0.000000 0.044605 0.000000 0.999005 0.614652 0.614652 0.614652
610.394470 0.000000 1697.604492 0.000000 0.725349 0.000000 -0.688381 0.772977 0.772977 0.772977
607.413086 0.000000 1711.177490 0.000000 0.329065 0.000000 -0.944307 0.823069 0.823069 0.823069
613.211914 0.000000 1698.449341 0.000000 0.987718 0.000000 0.156246 0.682727 0.682727 0.682727
600.218384 0.000000 1698.786255 0.000000 0.839686 0.000000 0.543073 0.631777 0.631777 0.631777
614.105652 0.000000 1701.105103 0.000000 0.502689 0.000000 0.864467 0.597821 0.597821 0.597821
605.002197 0.000000 1710.589233 0.000000 0.967524 0.000000 -0.252780 0.721883 0.721883 0.721883
607.065186 0.000000 1712.938843 0.000000 0.940424 0.000000 0.340005 0.661198 0.661198 0.661198
603.490479 0.000000 1700.973389 0.000000 0.405377 0.000000 0.914149 0.544793 0.544793 0.544793
611.162659 0.000000 1695.915405 0.000000 0.265499 0.000000 0.964111 0.554369 0.554369 0.554369
604.630737 0.000000 1703.768066 0.000000 0.903331 0.000000 0.428944 0.633372 0.633372 0.633372
601.976746 0.000000 1701.489258 0.000000 0.097064 0.000000 0.995278 0.514585 0.514585 0.514585
600.907288 0.000000 1700.147095 0.000000 0.968971 0.000000 -0.247176 0.731427 0.731427 0.731427
632.792175 0.000000 1749.682251 0.000000 0.773988 0.000000 0.633200 0.628103 0.628103 0.628103
631.712097 0.000000 1746.172729 0.000000 0.472514 0.000000 -0.881323 0.764091 0.764091 0.764091
626.538086 0.000000 1731.421875 0.000000 0.962831 0.000000 -0.270105 0.710993 0.710993 0.710993
631.906982 0.000000 1739.253174 0.000000 0.147836 0.000000 -0.989012 1.003267 1.003267 1.003267
625.222412 0.000000 1733.843994 0.000000 0.974333 0.000000 0.225112 0.676192 0.676192 0.676192
615.899536 0.000000 1737.297485 0.000000 0.615144 0.000000 0.788415 0.541280 0.541280 0.541280
633.664429 0.000000 1747.561890 0.000000 0.828180 0.000000 0.560462 0.665689 0.665689 0.665689
624.037292 0.000000 1732.018555 0.000000 0.818608 0.000000 -0.574353 0.764152 0.764152 0.764152
631.362610 0.000000 1748.206665 0.000000 0.537898 0.000000 -0.843010 0.812165 0.812165 0.812165
631.766541 0.000000 1737.368164 0.000000 0.642208 0.000000 -0.766530 0.790056 0.790056 0.790056
625.749878 0.000000 1747.051025 0.000000 0.985550 0.000000 0.169384 0.680963 0.680963 0.680963
617.534729 0.000000 1737.915527 0.000000 0.448825 0.000000 0.893620 0.475925 0.475925 0.475925
626.688416 0.000000 1733.062256 0.000000 0.660845 0.000000 0.750523 0.605060 0.605060 0.605060
630.650146 0.000000 1738.442017 0.000000 0.738137 0.000000 0.674651 0.542123 0.542123 0.542123
630.659668 0.000000 1739.846191 0.000000 0.316321 0.000000 -0.948652 0.966282 0.966282 0.966282
662.319092 0.000000 1742.606567 0.000000 0.260726 0.000000 -0.965413 0.757103 0.757103 0.757103
662.031494 0.000000 1745.895386 0.000000 0.121533 0.000000 0.992587 0.527812 0.527812 0.527812
676.268982 0.000000 1758.895630 0.000000 0.574404 0.000000 -0.818572 0.817306 0.817306 0.817306
676.633484 0.000000 1749.247192 0.000000 0.360692 0.000000 -0.932685 1.057038 1.057038 1.057038
702.585510 0.000000 1756.452881 0.000000 0.393082 0.000000 0.919504 0.547067 0.547067 0.547067
703.861328 0.000000 1757.609375 0.000000 0.456987 0.000000 0.889473 0.556324 0.556324 0.556324
702.876160 0.000000 1758.515137 0.000000 0.803848 0.000000 -0.594835 0.818011 0.818011 0.818011
676.453003 0.000000 1759.657227 0.000000 0.334000 0.000000 0.942573 0.549502 0.549502 0.549502
702.599670 0.000000 1759.747314 0.000000 0.799931 0.000000 -0.600092 0.819226 0.819226 0.819226
698.700256 0.000000 1765.535889 0.000000 0.745181 0.000000 -0.666862 0.850535 0.850535 0.850535
687.411499 0.000000 1762.748169 0.000000 0.925972 0.000000 0.377592 0.608652 0.608652 0.608652
699.953064 0.000000 1765.131470 0.000000 0.252748 0.000000 0.967532 0.428770 0.428770 0.428770
698.111755 0.000000 1764.516113 0.000000 0.575822 0.000000 0.817575 0.502614 0.502614 0.502614
1869.013184 0.000000 1839.519287 0.000000 0.406664 0.000000 0.913578 0.679868 0.679868 0.679868
3577.553711 0.000000 1576.306885 0.000000 0.089120 0.000000 -0.996021 0.718124 0.718124 0.718124
3577.011230 0.000000 1568.037964 0.000000 0.050998 0.000000 0.998699 0.686720 0.686720 0.686720
3898.464600 0.000000 1853.646118 0.000000 0.722768 0.000000 -0.691091 0.829340 0.829340 0.829340
623.629944 0.000000 2906.093506 0.000000 0.911797 0.000000 -0.410641 0.878959 0.878959 0.878959
623.005615 0.000000 2907.078857 0.000000 0.836235 0.000000 0.548372 0.454533 0.454533 0.454533
623.935669 0.000000 2906.984863 0.000000 0.282258 0.000000 0.959339 0.156702 0.156702 0.156702
618.131775 0.000000 2919.978760 0.000000 0.330544 0.000000 -0.943791 0.797037 0.797037 0.797037
620.114380 0.000000 2918.215820 0.000000 0.177105 0.000000 -0.984192 0.921489 0.921489 0.921489
621.443359 0.000000 2919.455566 0.000000 0.743274 0.000000 0.668987 0.583456 0.583456 0.583456
621.296265 0.000000 2916.828613 0.000000 0.915905 0.000000 -0.401396 0.757746 0.757746 0.757746
838.309204 0.000000 2932.639893 0.000000 0.197436 0.000000 0.980316 0.512973 0.512973 0.512973
838.789795 0.000000 2937.742432 0.000000 0.781042 0.000000 0.624479 0.579774 0.579774 0.579774
839.214539 0.000000 2933.842773 0.000000 0.030720 0.000000 0.999528 0.490070 0.490070 0.490070
844.893921 0.000000 2935.818115 0.000000 0.430121 0.000000 -0.902771 0.900744 0.900744 0.900744
844.883423 0.000000 2932.036133 0.000000 0.990075 0.000000 0.140539 0.690390 0.690390 0.690390
840.040161 0.000000 2937.235840 0.000000 0.533869 0.000000 -0.845567 1.050422 1.050422 1.050422
841.973633 0.000000 2931.157227 0.000000 0.019775 0.000000 0.999804 0.583447 0.583447 0.583447
843.843872 0.000000 2938.539307 0.000000 0.243171 0.000000 -0.969983 0.845897 0.845897 0.845897
842.372192 0.000000 2936.549561 0.000000 0.678845 0.000000 0.734282 0.421873 0.421873 0.421873
839.875549 0.000000 2932.514404 0.000000 0.672782 0.000000 -0.739840 0.813525 0.813525 0.813525
843.790955 0.000000 2933.940430 0.000000 0.942833 0.000000 0.333266 0.606778 0.606778 0.606778
841.726257 0.000000 2938.412598 0.000000 0.127429 0.000000 -0.991848 0.866439 0.866439 0.866439
845.421143 0.000000 2937.591064 0.000000 0.199475 0.000000 -0.979903 0.850831 0.850831 0.850831
842.622192 0.000000 2932.712402 0.000000 0.872808 0.000000 0.488064 0.560107 0.560107 0.560107
843.430054 0.000000 2935.448242 0.000000 0.764922 0.000000 0.644123 0.396673 0.396673 0.396673
843.916565 0.000000 2936.951416 0.000000 0.954223 0.000000 0.299096 0.597552 0.597552 0.597552
841.285522 0.000000 2935.598145 0.000000 0.912420 0.000000 0.409256 0.512104 0.512104 0.512104
841.130188 0.000000 2932.921387 0.000000 0.393313 0.000000 -0.919405 1.038419 1.038419 1.038419
845.040588 0.000000 2934.538330 0.000000 0.055500 0.000000 -0.998459 0.970102 0.970102 0.970102
842.832642 0.000000 2937.766357 0.000000 0.959526 0.000000 0.281621 0.603711 0.603711 0.603711
841.304932 0.000000 2937.232178 0.000000 0.997048 0.000000 0.076785 0.673270 0.673270 0.673270
840.065125 0.000000 2933.849854 0.000000 0.935012 0.000000 0.354617 0.594838 0.594838 0.594838
843.894165 0.000000 2932.758301 0.000000 0.974762 0.000000 0.223248 0.638227 0.638227 0.638227
840.282227 0.000000 2936.126953 0.000000 0.648543 0.000000 -0.761178 1.000865 1.000865 1.000865
842.839722 0.000000 2934.505615 0.000000 0.705550 0.000000 -0.708661 1.041346 1.041346 1.041346
840.817810 0.000000 2934.634766 0.000000 0.118127 0.000000 -0.992998 1.347235 1.347235 1.347235
842.288025 0.000000 2935.397461 0.000000 0.167912 0.000000 -0.985802 1.307665 1.307665 1.307665
841.788147 0.000000 2932.159424 0.000000 0.879552 0.000000 -0.475803 0.843853 0.843853 0.843853
"}
